22000 G12_G345_G678_Z345_Z678 0.95 1.15 1.25 -200 -400 1000000
22001 G12_G345_G678_Z345_Z678 0.95 1.15 1.25 -200 -200 1000000
22002 G12_G345_G678_Z345_Z678 0.95 1.15 1.25 -200 0 1000000
22003 G12_G345_G678_Z345_Z678 0.95 1.15 1.25 -200 200 1000000
22004 G12_G345_G678_Z345_Z678 0.95 1.15 1.25 -200 400 1000000
22005 G12_G345_G678_Z345_Z678 0.95 1.15 1.25 0 -400 1000000
22006 G12_G345_G678_Z345_Z678 0.95 1.15 1.25 0 -200 1000000
22007 G12_G345_G678_Z345_Z678 0.95 1.15 1.25 0 0 1000000
22008 G12_G345_G678_Z345_Z678 0.95 1.15 1.25 0 200 1000000
22009 G12_G345_G678_Z345_Z678 0.95 1.15 1.25 0 400 1000000
22010 G12_G345_G678_Z345_Z678 0.95 1.15 1.25 200 -400 1000000
22011 G12_G345_G678_Z345_Z678 0.95 1.15 1.25 200 -200 1000000
22012 G12_G345_G678_Z345_Z678 0.95 1.15 1.25 200 0 1000000
22013 G12_G345_G678_Z345_Z678 0.95 1.15 1.25 200 200 1000000
22014 G12_G345_G678_Z345_Z678 0.95 1.15 1.25 200 400 1000000
