20000 DQF_DQD_G12_G345_G678 0.85 0.85 0.95 1.15 1.25 1000000
20001 DQF_DQD_G12_G345_G678 0.85 0.95 0.95 1.15 1.25 1000000
20002 DQF_DQD_G12_G345_G678 0.85 1.05 0.95 1.15 1.25 1000000
20003 DQF_DQD_G12_G345_G678 0.85 1.15 0.95 1.15 1.25 1000000
20004 DQF_DQD_G12_G345_G678 0.95 0.85 0.95 1.15 1.25 1000000
20005 DQF_DQD_G12_G345_G678 0.95 0.95 0.95 1.15 1.25 1000000
20006 DQF_DQD_G12_G345_G678 0.95 1.05 0.95 1.15 1.25 1000000
20007 DQF_DQD_G12_G345_G678 0.95 1.15 0.95 1.15 1.25 1000000
20008 DQF_DQD_G12_G345_G678 1.05 0.85 0.95 1.15 1.25 1000000
20009 DQF_DQD_G12_G345_G678 1.05 0.95 0.95 1.15 1.25 1000000
20010 DQF_DQD_G12_G345_G678 1.05 1.05 0.95 1.15 1.25 1000000
20011 DQF_DQD_G12_G345_G678 1.05 1.15 0.95 1.15 1.25 1000000
20012 DQF_DQD_G12_G345_G678 1.15 0.85 0.95 1.15 1.25 1000000
20013 DQF_DQD_G12_G345_G678 1.15 0.95 0.95 1.15 1.25 1000000
20014 DQF_DQD_G12_G345_G678 1.15 1.05 0.95 1.15 1.25 1000000
20015 DQF_DQD_G12_G345_G678 1.15 1.15 0.95 1.15 1.25 1000000
