15000 G12_G345_G678 0.85 0.90 1.20 1000000
15001 G12_G345_G678 0.85 1.00 1.20 1000000
15002 G12_G345_G678 0.85 1.10 1.20 1000000
15003 G12_G345_G678 0.90 0.90 1.25 1000000
15004 G12_G345_G678 0.90 1.00 1.25 1000000
15005 G12_G345_G678 0.90 1.10 1.25 1000000
15006 G12_G345_G678 0.95 0.90 1.20 1000000
15007 G12_G345_G678 0.95 1.00 1.20 1000000
15008 G12_G345_G678 0.95 1.10 1.20 1000000
15009 G12_G345_G678 1.00 0.90 1.25 1000000
15010 G12_G345_G678 1.00 1.00 1.25 1000000
15011 G12_G345_G678 1.00 1.10 1.25 1000000
