16000 G12_G345_G678 0.95 1.05 1.25 1000000
16001 G12_G345_G678 0.95 1.10 1.25 1000000
16002 G12_G345_G678 0.95 1.15 1.25 1000000
16003 G12_G345_G678 1.00 1.05 1.25 1000000
16004 G12_G345_G678 1.00 1.10 1.25 1000000
16005 G12_G345_G678 1.00 1.15 1.25 1000000
16006 G12_G345_G678 1.05 1.05 1.25 1000000
16007 G12_G345_G678 1.05 1.10 1.25 1000000
16008 G12_G345_G678 1.05 1.15 1.25 1000000
16009 G12_G345_G678 1.00 1.10 1.20 1000000
16010 G12_G345_G678 1.00 1.10 1.30 1000000
16011 G12_G345_G678 1.05 1.15 1.30 1000000
